1 14.1347251417
2 21.0220396388
3 25.0108575801
4 30.4248761259
5 32.9350615877
6 37.5861781588
7 40.9187190121
8 43.3270732809
9 48.0051508812
10 49.7738324777
11 52.9703214777
12 56.4462476971
13 59.3470440026
14 60.8317785246
15 65.1125440481
16 67.0798105295
17 69.5464017112
18 72.0671576745
19 75.7046906991
20 77.1448400689
21 79.3373750202
22 82.9103808541
23 84.7354929805
24 87.4252746131
25 88.8091112076
26 92.4918992706
27 94.6513440405
28 95.8706342282
29 98.8311942182
30 101.3178510057
31 103.7255380405
32 105.4466230523
33 107.1686111843
34 111.0295355432
35 111.8746591770
36 114.3202209155
37 116.2266803209
38 118.7907828660
39 121.3701250024
40 122.9468292936
41 124.2568185543
42 127.5166838796
43 129.5787042000
44 131.0876885309
45 133.4977372030
46 134.7565097534
47 138.1160420545
48 139.7362089521
49 141.1237074040
50 143.1118458076
51 146.0009824868
52 147.4227653426
53 150.0535204208
54 150.9252576122
55 153.0246938112
56 156.1129092942
57 157.5975918176
58 158.8499881714
59 161.1889641376
60 163.0307096872
61 165.5370691879
62 167.1844399782
63 169.0945154156
64 169.9119764794
65 173.4115365196
66 174.7541915234
67 176.4414342977
68 178.3774077761
69 179.9164840203
70 182.2070784844
71 184.8744678484
72 185.5987836777
73 187.2289225835
74 189.4161586560
75 192.0266563607
76 193.0797266038
77 195.2653966795
78 196.8764818410
79 198.0153096763
80 201.2647519437
81 202.4935945141
82 204.1896718031
83 205.3946972022
84 207.9062588878
85 209.5765097169
86 211.6908625954
87 213.3479193597
88 214.5470447835
89 216.1695385083
90 219.0675963490
91 220.7149188393
92 221.4307055547
93 224.0070002546
94 224.9833246696
95 227.4214442797
96 229.3374133055
97 231.2501887005
98 231.9872352532
99 233.6934041789
100 236.5242296658
101 237.7698204809
102 239.5554775733
103 241.0491577962
104 242.8232719342
105 244.0708984971
106 247.1369900749
107 248.1019900601
108 249.5736896447
109 251.0149477950
110 253.0699867480
111 255.3062564549
112 256.3807136944
113 258.6104394915
114 259.8744069897
115 260.8050845046
116 263.5738939049
117 265.5578518389
118 266.6149737815
119 267.9219150828
120 269.9704490240
121 271.4940556416
122 273.4596091884
123 275.5874926493
124 276.4520495031
125 278.2507435298
126 279.2292509277
127 282.4651147651
128 283.2111857332
129 284.8359639809
130 286.6674453630
131 287.9119205014
132 289.5798549292
133 291.8462913291
134 293.5584341394
135 294.9653696193
136 295.5732548790
137 297.9792770619
138 299.8403260537
139 301.6493254622
140 302.6967495896
141 304.8643713409
142 305.7289126020
143 307.2194961282
144 310.1094631467
145 311.1651415304
146 312.4278011806
147 313.9852857312
148 315.4756160895
149 317.7348059424
150 318.8531042563
151 321.1601343091
152 322.1445586725
153 323.4669695575
154 324.8628660517
155 327.4439012619
156 329.0330716805
157 329.9532397282
158 331.4744675827
159 333.6453785249
160 334.2113548332
161 336.8418504284
162 338.3399928508
163 339.8582167254
164 341.0422611110
165 342.0548775104
166 344.6617029403
167 346.3478705660
168 347.2726775844
169 349.3162608707
170 350.4084193492
171 351.8786490254
172 353.4889004887
173 356.0175749773
174 357.1513022520
175 357.9526851016
176 359.7437549531
177 361.2893616958
178 363.3313305790
179 364.7360241141
180 366.2127102883
181 367.9935754817
182 368.9684380957
183 370.0509192121
184 373.0619283721
185 373.8648739109
186 375.8259127667
187 376.3240922307
188 378.4366802500
189 379.8729753465
190 381.4844686172
191 383.4435294495
192 384.9561168149
193 385.8613008460
194 387.2228902224
195 388.8461283542
196 391.4560835636
197 392.2450833395
198 393.4277438444
199 395.5828700110
200 396.3818542226
201 397.9187362096
202 399.9851198762
203 401.8392286005
204 402.8619177639
205 404.2364418002
206 405.1343874599
207 407.5814603869
208 408.9472455024
209 410.5138691934
210 411.9722678043
211 413.2627360702
212 415.0188097552
213 415.4552149963
214 418.3877057895
215 419.8613648182
216 420.6438276250
217 422.0767100588
218 423.7165796275
219 425.0698824945
220 427.2088250841
221 428.1279140766
222 430.3287454309
223 431.3013069307
224 432.1386417346
225 433.8892184809
226 436.1610064326
227 437.5816981677
228 438.6217386563
229 439.9184422144
230 441.6831992012
231 442.9045463026
232 444.3193362776
233 446.8606226964
234 447.4417041945
235 449.1485456850
236 450.1269457803
237 451.4033084454
238 453.9867378067
239 454.9746837686
240 456.3284266892
241 457.9038930641
242 459.5134152811
243 460.0879444222
244 462.0653672749
245 464.0572869105
246 465.6715392114
247 466.5702869308
248 467.4390462103
249 469.5360045591
250 470.7736554781
251 472.7991746619
252 473.8352323451
253 475.6003393694
254 476.7690152375
255 478.0752637667
256 478.9421815346
257 481.8303393763
258 482.8347827910
259 483.8514272125
260 485.5391481294
261 486.5287182617
262 488.3805670900
263 489.6617615780
264 491.3988215937
265 493.3144415818
266 493.9579978054
267 495.3588288221
268 496.4296962158
269 498.5807824297
270 500.3090849417
271 501.6044469651
272 502.2762703271
273 504.4997733134
274 505.4152317422
275 506.4641527095
276 508.8007003365
277 510.2642279437
278 511.5622897004
279 512.6231445314
280 513.6689855555
281 515.4350571673
282 517.5896685725
283 518.2342231476
284 520.1063104117
285 521.5251934495
286 522.4566961777
287 523.9605308920
288 525.0773856873
289 527.9036416013
290 528.4062138523
291 529.8062263187
292 530.8669178840
293 532.6881830283
294 533.7796307538
295 535.6643140759
296 537.0697590831
297 538.4285261762
298 540.2131663762
299 540.6313902473
300 541.8474371212
301 544.3238901010
302 545.6368332489
303 547.0109120581
304 547.9316133645
305 549.4975675627
306 550.9700100395
307 552.0495722006
308 553.7649721192
309 555.7920205617
310 556.8994764069
311 557.5646591721
312 559.3162370287
313 560.2408074973
314 562.5592076160
315 564.1608791108
316 564.5060559381
317 566.6987876828
318 567.7317579012
319 568.9239551796
320 570.0511147825
321 572.4199841325
322 573.6146105268
323 575.0938860145
324 575.8072471409
325 577.0390034721
326 579.0988346720
327 580.1369593624
328 581.9465762659
329 583.2360882192
330 584.5617059035
331 585.9845632050
332 586.7427718913
333 588.1396632662
334 590.6603975168
335 591.7258580650
336 592.5713583002
337 593.9747146822
338 595.7281536974
339 596.3627683284
340 598.4930773462
341 599.5456403644
342 601.6021367359
343 602.5791678864
344 603.6256189036
345 604.6162184938
346 606.3834604221
347 608.4132173112
348 609.3895751547
349 610.8391629377
350 611.7742096209
351 613.5997786756
352 614.6462378722
353 615.5385633694
354 618.1128313664
355 619.1844825980
356 620.2728936722
357 621.7092945279
358 622.3750027398
359 624.2699000182
360 626.0192834277
361 627.2683968508
362 628.3258623595
363 630.4738874383
364 630.8057809272
365 632.2251411671
366 633.5468582523
367 635.5238003106
368 637.3971931598
369 637.9255139808
370 638.9279382669
371 640.6947946688
372 641.9454996657
373 643.2788837814
374 644.9905782297
375 646.3481915955
376 647.7617530043
377 648.7864008888
378 650.1975193453
379 650.6686838914
380 653.6495716054
381 654.3019205863
382 655.7094630224
383 656.9640845995
384 658.1756144186
385 659.6638459730
386 660.7167325953
387 662.2965864311
388 664.2446046523
389 665.3427630956
390 666.5151477042
391 667.1484948946
392 668.9758488202
393 670.3235852059
394 672.4581835842
395 673.0435782861
396 674.3558978101
397 676.1396743636
398 677.2301806688
399 677.8004447462
400 679.7421978825
401 681.8949915332
402 682.6027350198
403 684.0135498139
404 684.9726298621
405 686.1632235877
406 687.9615431847
407 689.3689413623
408 690.4747350324
409 692.4516844155
410 693.1769700606
411 694.5339086999
412 695.7263359209
413 696.6260699003
414 699.1320954760
415 700.2967391321
416 701.3017429546
417 702.2273431458
418 704.0338392955
419 705.1258139546
420 706.1846547995
421 708.2690708851
422 709.2295885703
423 711.1302741797
424 711.9002899144
425 712.7493834701
426 714.0827718207
427 716.1123964541
428 717.4825697031
429 718.7427865455
430 719.6971009884
431 721.3511622185
432 722.2775049757
433 723.8458210451
434 724.5626138904
435 727.0564032300
436 728.4054815889
437 728.7587497956
438 730.4164821228
439 731.4173549186
440 732.8180527145
441 734.7896432524
442 735.7654592086
443 737.0529289123
444 738.5804211714
445 739.9095236740
446 740.5738074473
447 741.7573355729
448 743.8950131425
449 745.3449895506
450 746.4993058994
451 747.6745636243
452 748.2427544651
453 750.6559503621
454 750.9663810667
455 752.8876215672
456 754.3223704717
457 755.8393089760
458 756.7682484400
459 758.1017292464
460 758.9002382249
461 760.2823669835
462 762.7000332497
463 763.5930661728
464 764.3075227242
465 766.0875400998
466 767.2184721555
467 768.2814618065
468 769.6934072526
469 771.0708393137
470 772.9616175658
471 774.1177446279
472 775.0478470966
473 775.9997119632
474 777.2997485296
475 779.1570769492
476 780.3489250042
477 782.1376643908
478 782.5979439461
479 784.2888226125
480 785.7390897007
481 786.4611474505
482 787.4684638159
483 790.0590923641
484 790.8316204679
485 792.4277076086
486 792.8886525626
487 794.4837918699
488 795.6065961562
489 797.2634700380
490 798.7075701663
491 799.6543362109
492 801.6042464630
493 802.5419848784
494 803.2430962043
495 804.7622391127
496 805.8616356671
497 808.1518149360
498 809.1977833633
499 810.0818048864
500 811.1843588465
501 812.7711083891
502 814.0459136075
503 814.8705396259
504 816.7277377144
505 818.3806688664
506 819.2046421708
507 820.7218984439
508 821.7134541334
509 822.1977574934
510 824.5262938716
511 826.0392873766
512 826.9058109541
